Ab = load('Matriz03.txt')

Ab =

   10.0000    1.0000    1.0000    2.0000    3.0000   -2.0000    6.5700
    4.0000  -20.0000    3.0000    2.0000   -1.0000    7.0000  -68.4480
    5.0000   -3.0000   15.0000   -1.0000   -4.0000    1.0000 -112.0500
   -1.0000    1.0000    2.0000    8.0000   -1.0000    2.0000   -3.9680
    1.0000    2.0000    1.0000    3.0000    9.0000   -1.0000   -2.1800
   -4.0000    3.0000    1.0000    2.0000   -1.0000   12.0000   10.8820

AbT = Triang(Ab)

AbT =

   10.0000    1.0000    1.0000    2.0000    3.0000   -2.0000    6.5700
         0  -20.4000    2.6000    1.2000   -2.2000    7.8000  -71.0760
         0         0   14.0539   -2.2059   -5.1225    0.6618 -103.1406
         0         0         0    8.6163   -0.0021    2.1151    9.2971
         0         0         0         0    8.9122   -0.8861   -4.4099
         0         0         0         0         0   11.6566   11.8197

Xsol = Subst(AbT)

Xsol =

    1.2500
    3.0200
   -7.4000
    0.8300
   -0.3940
    1.0140

A = AbT(:,1:6)

A =

   10.0000    1.0000    1.0000    2.0000    3.0000   -2.0000
         0  -20.4000    2.6000    1.2000   -2.2000    7.8000
         0         0   14.0539   -2.2059   -5.1225    0.6618
         0         0         0    8.6163   -0.0021    2.1151
         0         0         0         0    8.9122   -0.8861
         0         0         0         0         0   11.6566

B = AbT(:,7)

B =

    6.5700
  -71.0760
 -103.1406
    9.2971
   -4.4099
   11.8197

Res = A*Xsol - B

Res =

  1.0e-014 *

    0.0888
         0
         0
         0
         0
   -0.1776

diary off
